1 0 390
1 100 390
1 200 390
1 300 390
1 400 390
1 500 390
1 600 390
1 700 300
1 700 390
1 800 390
1 900 390
1 1000 390
1 1100 390
1 1200 390
1 1300 390
1 1400 390
1 1500 390
1 1600 390
1 1700 390
1 1800 390
1 1900 390
1 2000 390
1 2100 390
1 2200 390
1 2300 390
1 100 300
1 100 200
1 100 100
1 200 300
1 200 100
1 300 100
1 400 100
1 500 200
1 600 300
1 800 200
1 900 200
1 1000 300
1 1100 300
1 1200 250
1 1300 250
1 1400 200
1 1500 200
1 1600 100
1 1700 100
1 1800 200
1 1900 300
1 2000 300
1 2100 300
1 2200 200
